SamplingTime
7
11
13
18
27
32
46
48
58
63
71
78
89
107
111
113
121
125
134
137
138
140
143
148
170
171
175
185
203
204
212
213
215
220
222
223
228
232
237
243
247
255
258
260
273
278
288
304
317
318
319
332
333
335
338
340
366
373
381
401
405
407
409
411
413
441
451
464
476
479
487
492
495
496
498
511
512
515
526
534
539
540
543
546
547
553
556
557
563
564
579
581
584
596
600
601
615
619
622
637
650
655
660
668
699
700
701
703
711
712
717
718
727
729
734
738
743
746
750
752
761
762
765
769
770
773
780
783
801
810
814
816
822
831
837
850
864
867
880
881
882
884
892
895
897
899
906
913
923
937
939
940
946
963
964
978
979
984
986
1002
1012
1016
1021
1023
1046
1049
1060
1064
1069
1070
1073
1074
1075
1091
1107
1111
1121
1122
1123
1144
1147
1150
1155
1157
1161
1166
1171
1184
1185
1188
1192
1194
1202
1205
1209
1215
1219
1225
1232
1238
1244
1246
1256
1257
1278
1285
1324
1326
1334
1341
1344
1349
1351
1352
1356
1381
1382
1383
1384
1408
1432
1441
1446
1457
1458
1461
1482
1489
1497
1502
1511
1517
1520
1522
1533
1548
1550
1589
1624
1625
1633
1637
1642
1649
1660
1662
1689
1691
1703
1704
1721
1722
1725
1727
1730
1732
1733
1756
1762
1770
1771
1772
1776
1787
1791
1806
1815
1817
1826
1827
1829
1831
1865
1882
1889
1894
1907
1911
1921
1924
1928
1931
1938
1939
1947
1949
1959
1963
1994
2001
2004
2010
2015
2021
2022
2028
2032
2049
2052
2057
2061
2077
2085
2088
2119
2125
2133
2141
2146
2148
2153
2160
2175
2177
2184
2186
2191
2192
2194
2196
2199
2214
2218
2230
2233
2241
2256
2265
2268
2271
2290
2292
2293
2303
2342
2345
2347
2350
2351
2359
2362
2366
2378
2379
2380
2390
2391
2406
2412
2420
2422
2426
2431
2434
2436
2440
2442
2445
2446
2460
2462
2470
2477
2481
2494
2501
2502
2503
2504
2511
2529
2534
2537
2539
2544
2550
2557
2560
2592
2597
2606
2609
2610
2611
2616
2617
2619
2623
2629
2643
2645
2666
2669
2673
2687
2694
2708
2723
2727
2739
2747
2748
2759
2769
2774
2780
2787
2798
2799
2803
2809
2812
2817
2820
2835
2837
2838
2851
2858
2860
2864
2871
2886
2900
2912
2917
2919
2920
2922
2943
2944
2971
2997
2998
3004
3010
3015
3020
3029
3033
3045
3052
3053
3054
3056
3064
3070
3080
3082
3091
3094
3096
3097
3112
3117
3119
3123
3128
3130
3135
3142
3157
3168
3172
3178
3182
3189
3193
3199
3210
3214
3236
3239
3264
3268
3271
3277
3278
3279
3285
3290
3292
3296
3318
3320
3321
3322
3324
3332
3345
3351
3365
3366
3383
3385
3386
3392
3394
3397
3401
3408
3416
3428
3451
3457
3462
3472
3474
3481
3497
3506
3517
3525
3531
3533
3544
3547
3550
3562
3575
3591
3594
3600
3602
3618
3642
3648
3653
3661
3667
3668
3674
3681
3685
3687
3689
3696
3697
3708
3719
3723
3730
3733
3735
3739
3750
3776
3780
3796
3797
3799
3831
3850
3852
3865
3867
3873
3888
3890
3897
3903
3905
3910
3911
3920
3923
3939
3945
3949
3958
3973
3974
3980
3984
3995
4005
4007
4021
4037
4066
4082
4092
4095
4096
4097
4128
4129
4131
4134
4160
4181
4183
4185
4196
4201
4208
4217
4221
4224
4229
4230
4234
4239
4242
4250
4262
4270
4272
4273
4275
4280
4282
4286
4296
4302
4310
4333
4340
4341
4350
4351
4384
4394
4395
4416
4426
4429
4433
4447
4450
4460
4468
4469
4478
4487
4492
4501
4507
4509
4511
4515
4519
4522
4526
4529
4542
4546
4553
4560
4572
4584
4599
4606
4612
4613
4614
4618
4619
4650
4658
4676
4690
4692
4696
4703
4716
4725
4727
4732
4748
4757
4763
4765
4766
4770
4772
4778
4786
4787
4788
4793
4794
4795
4801
4809
4818
4827
4837
4843
4846
4857
4889
4903
4933
4952
4953
4965
4968
4994
4998
